1775.00000 1861.00000 2125.00000 1804.12500
2125.00000 1804.12500 2175.00000 1796.00000
2175.00000 1796.00000 2275.00000 1779.75000
2275.00000 1779.75000 2325.00000 1771.62500
2325.00000 1771.62500 2425.00000 1755.37500
2425.00000 1755.37500 2525.00000 1739.12500
2525.00000 1739.12500 2575.00000 1731.00000
2833.00000 1976.00000 2895.39996 1970.43272
2895.39996 1970.43272 3144.02427 1948.25062
3144.02427 1948.25062 3236.50000 1940.00000
3236.50000 1940.00000 3352.80914 1929.62298
3352.80914 1929.62298 3589.56250 1908.50000
2808.00000 2877.00000 3046.43750 2792.31250
3046.43750 2792.31250 3141.81250 2758.43750
3141.81250 2758.43750 3380.25000 2673.75000
3380.25000 2673.75000 3517.31619 2625.06725
3517.31619 2625.06725 3571.00000 2606.00000
785.00000 2328.00000 882.25000 2300.00000
882.25000 2300.00000 930.87500 2286.00000
930.87500 2286.00000 1018.33065 2260.81997
1018.33065 2260.81997 1417.12500 2146.00000
1417.12500 2146.00000 1514.37500 2118.00000
1514.37500 2118.00000 1563.00000 2104.00000
156.00000 1665.00000 393.01430 1766.30450
393.01430 1766.30450 481.50000 1804.12500
481.50000 1804.12500 621.00000 1863.75000
621.00000 1863.75000 667.50000 1883.62500
667.50000 1883.62500 714.00000 1903.50000
714.00000 1903.50000 760.50000 1923.37500
760.50000 1923.37500 900.00000 1983.00000
2919.00000 2692.75000 3404.00000 2549.62500
3482.00000 2570.00000 3490.44824 2548.21242
3490.44824 2548.21242 3501.00000 2521.00000
2685.00000 1578.00000 2784.00000 1598.37500
2784.00000 1598.37500 3477.00000 1741.00000
2575.00000 1731.00000 2796.56250 1798.93750
2796.56250 1798.93750 3131.97627 1885.03989
3131.97627 1885.03989 3188.06250 1899.43750
3188.06250 1899.43750 3236.50000 1940.00000
853.00000 2667.00000 1093.77730 2583.79947
1093.77730 2583.79947 1187.25000 2551.50000
1187.25000 2551.50000 1426.00000 2469.00000
1426.00000 2469.00000 1617.00000 2403.00000
2880.37500 1528.62500 3207.18750 1394.31250
3207.18750 1394.31250 3393.93750 1317.56250
3393.93750 1317.56250 3534.00000 1260.00000
1456.50000 2089.00000 1518.62500 2014.75000
1518.62500 2014.75000 1748.31250 1910.37500
1748.31250 1910.37500 1775.00000 1861.00000
3589.56250 1908.50000 3759.81250 1905.81250
3759.81250 1905.81250 3809.87500 1899.87500
3809.87500 1899.87500 3910.00000 1888.00000
1163.68750 1818.12500 1407.12500 1753.75000
1407.12500 1753.75000 1455.81250 1740.87500
1455.81250 1740.87500 1504.50000 1728.00000
1504.50000 1728.00000 1894.00000 1625.00000
1633.00000 2836.00000 1683.12500 2831.25000
1683.12500 2831.25000 1733.25000 2826.50000
1733.25000 2826.50000 1783.37500 2821.75000
1783.37500 2821.75000 1883.62500 2812.25000
1883.62500 2812.25000 2034.00000 2798.00000
2034.00000 2798.00000 2435.00000 2760.00000
1463.00000 1137.00000 2057.75000 1410.00000
2057.75000 1410.00000 2103.50000 1431.00000
2103.50000 1431.00000 2195.00000 1473.00000
 21.00000 2632.00000 115.00000 2668.00000
115.00000 2668.00000 303.00000 2740.00000
303.00000 2740.00000 632.00000 2866.00000
632.00000 2866.00000 726.00000 2902.00000
726.00000 2902.00000 773.00000 2920.00000
2592.00000 1973.00000 2791.25000 2001.50000
2791.25000 2001.50000 2833.00000 1976.00000
2833.00000 1976.00000 2885.95795 2012.37284
2885.95795 2012.37284 2890.87500 2015.75000
2890.87500 2015.75000 3164.34525 2054.86620
3164.34525 2054.86620 3339.18750 2079.87500
3339.18750 2079.87500 3366.56035 2088.16644
3366.56035 2088.16644 3431.62500 2107.87500
599.00000 1151.00000 648.37500 1160.62500
648.37500 1160.62500 939.18873 1217.31527
939.18873 1217.31527 1142.12500 1256.87500
1142.12500 1256.87500 1191.50000 1266.50000
1191.50000 1266.50000 1240.87500 1276.12500
1240.87500 1276.12500 1337.95653 1295.04975
1337.95653 1295.04975 1389.00000 1305.00000
3134.00000 1565.00000 3327.75000 1510.75000
3327.75000 1510.75000 3376.18750 1497.18750
3376.18750 1497.18750 3618.37500 1429.37500
3618.37500 1429.37500 3860.56250 1361.56250
3860.56250 1361.56250 3909.00000 1348.00000
2428.00000 2605.00000 2483.89549 2588.23135
2483.89549 2588.23135 2572.37500 2561.68750
2572.37500 2561.68750 2620.50000 2547.25000
2620.50000 2547.25000 2861.12500 2475.06250
2861.12500 2475.06250 2910.89831 2460.13051
2910.89831 2460.13051 2957.37500 2446.18750
3032.00000 2468.50000 3053.62500 2417.31250
3053.62500 2417.31250 3198.00000 2374.00000
3250.00000 1455.00000 3296.31250 1474.43750
3296.31250 1474.43750 3327.75000 1510.75000
3376.18750 1497.18750 3713.12500 1649.37500
3713.12500 1649.37500 3991.00000 1766.00000
1646.00000 2789.00000 1691.56250 2767.87500
1691.56250 2767.87500 2056.06250 2598.87500
2056.06250 2598.87500 2101.62500 2577.75000
2101.62500 2577.75000 2142.54578 2558.77713
2142.54578 2558.77713 2238.31250 2514.37500
2238.31250 2514.37500 2375.00000 2451.00000
2135.00000 1343.00000 2229.37500 1377.25000
2229.37500 1377.25000 2301.72149 1403.50555
2301.72149 1403.50555 2370.93750 1428.62500
2370.93750 1428.62500 2418.12500 1445.75000
2418.12500 1445.75000 2465.31250 1462.87500
2465.31250 1462.87500 2512.50000 1480.00000
2512.50000 1480.00000 2654.06250 1531.37500
2654.06250 1531.37500 2685.00000 1578.00000
1457.00000 2272.00000 1802.18750 2207.25000
1908.56250 2249.87500 1950.12500 2179.50000
1950.12500 2179.50000 2048.75000 2161.00000
2048.75000 2161.00000 2098.06250 2151.75000
2098.06250 2151.75000 2196.68750 2133.25000
2128.00000 2494.00000 2177.12500 2484.00000
2177.12500 2484.00000 2238.31250 2514.37500
2375.00000 2451.00000 2422.75000 2434.00000
2422.75000 2434.00000 2458.16462 2426.79092
2458.16462 2426.79092 2521.00000 2414.00000
2521.00000 2414.00000 2619.25000 2394.00000
2619.25000 2394.00000 2668.37500 2384.00000
2668.37500 2384.00000 2864.87500 2344.00000
2864.87500 2344.00000 2914.00000 2334.00000
1495.00000 1640.00000 2057.75000 1410.00000
2103.50000 1431.00000 2135.00000 1343.00000
2685.00000 1253.00000 3465.00000 1069.00000
1518.62500 2014.75000 1573.81250 2036.37500
1573.81250 2036.37500 1623.62500 2031.75000
1623.62500 2031.75000 2121.75000 1985.50000
2121.75000 1985.50000 2171.56250 1980.87500
2171.56250 1980.87500 2321.00000 1967.00000
2919.00000 2692.75000 3046.43750 2792.31250
3141.81250 2758.43750 3705.00000 2920.00000
3207.18750 1394.31250 3227.00000 1340.00000
3227.00000 1340.00000 3318.25000 1299.00000
3318.25000 1299.00000 3592.00000 1176.00000
2370.93750 1428.62500 2427.37500 1400.25000
2427.37500 1400.25000 2524.50000 1424.00000
2524.50000 1424.00000 2767.31250 1483.37500
2767.31250 1483.37500 2815.87500 1495.25000
2815.87500 1495.25000 2880.37500 1528.62500
270.00000 1368.00000 506.25000 1449.56250
506.25000 1449.56250 553.50000 1465.87500
553.50000 1465.87500 789.75000 1547.43750
789.75000 1547.43750 931.50000 1596.37500
931.50000 1596.37500 978.75000 1612.68750
978.75000 1612.68750 1026.00000 1629.00000
481.50000 1804.12500 586.37500 1753.37500
586.37500 1753.37500 633.06250 1735.56250
633.06250 1735.56250 679.75000 1717.75000
679.75000 1717.75000 726.43750 1699.93750
726.43750 1699.93750 773.12500 1682.12500
773.12500 1682.12500 931.50000 1596.37500
978.75000 1612.68750 1240.00000 1504.00000
870.00000 2212.00000 918.87500 2201.75000
918.87500 2201.75000 1016.62500 2181.25000
1016.62500 2181.25000 1380.81250 2077.37500
1380.81250 2077.37500 1456.50000 2089.00000
1456.50000 2089.00000 1514.37500 2118.00000
1563.00000 2104.00000 1623.62500 2031.75000
2936.00000 2166.00000 3282.93750 2125.31250
3282.93750 2125.31250 3339.18750 2079.87500
3431.62500 2107.87500 3580.31250 2090.43750
3580.31250 2090.43750 3729.00000 2073.00000
583.31250 1923.62500 632.50000 1932.00000
632.50000 1932.00000 681.68750 1940.37500
681.68750 1940.37500 760.50000 1923.37500
900.00000 1983.00000 976.81250 1990.62500
976.81250 1990.62500 1026.00000 1999.00000
1691.56250 2767.87500 1733.25000 2826.50000
1883.62500 2812.25000 1932.93750 2857.68750
1932.93750 2857.68750 1981.12500 2870.62500
1981.12500 2870.62500 2414.81250 2987.06250
2414.81250 2987.06250 2463.00000 3000.00000
826.00000 2993.00000 1152.37500 2868.75000
1152.37500 2868.75000 1199.00000 2851.00000
1199.00000 2851.00000 1478.75000 2744.50000
1478.75000 2744.50000 1525.37500 2726.75000
1525.37500 2726.75000 1572.00000 2709.00000
751.00000 1413.00000 971.69221 1340.50348
971.69221 1340.50348 1082.62500 1304.06250
1082.62500 1304.06250 1142.12500 1256.87500
1240.87500 1276.12500 1272.12500 1241.81250
1272.12500 1241.81250 1316.39820 1227.26893
1316.39820 1227.26893 1414.25000 1195.12500
1414.25000 1195.12500 1463.00000 1137.00000
661.00000 1831.00000 710.62500 1835.75000
710.62500 1835.75000 760.25000 1840.50000
760.25000 1840.50000 859.50000 1850.00000
859.50000 1850.00000 909.12500 1854.75000
909.12500 1854.75000 958.75000 1859.50000
958.75000 1859.50000 1107.62500 1873.75000
1107.62500 1873.75000 1455.00000 1907.00000
1997.00000 1762.00000 2091.75000 1731.12500
2091.75000 1731.12500 2139.12500 1715.68750
2139.12500 1715.68750 2186.50000 1700.25000
2186.50000 1700.25000 2281.25000 1669.37500
2281.25000 1669.37500 2470.75000 1607.62500
2470.75000 1607.62500 2565.50000 1576.75000
2565.50000 1576.75000 2654.06250 1531.37500
2654.06250 1531.37500 2707.62500 1530.43750
2707.62500 1530.43750 2767.31250 1483.37500
1201.50000 2633.25000 1288.56250 2631.81250
1288.56250 2631.81250 1378.93750 2673.68750
1378.93750 2673.68750 1478.75000 2744.50000
1525.37500 2726.75000 1559.68750 2757.43750
1559.68750 2757.43750 1646.00000 2789.00000
1646.00000 2789.00000 1683.12500 2831.25000
1783.37500 2821.75000 1830.81250 2883.06250
1830.81250 2883.06250 1876.00000 2904.00000
1908.56250 2249.87500 2000.93750 2287.12500
2000.93750 2287.12500 2047.12500 2305.75000
2047.12500 2305.75000 2086.52904 2321.63958
2086.52904 2321.63958 2185.68750 2361.62500
2185.68750 2361.62500 2375.00000 2451.00000
2422.75000 2434.00000 2462.81250 2473.37500
2462.81250 2473.37500 2465.78006 2474.57166
2465.78006 2474.57166 2509.00000 2492.00000
 81.00000 1599.00000 178.25000 1620.37500
178.25000 1620.37500 419.25817 1673.34723
419.25817 1673.34723 518.62500 1695.18750
518.62500 1695.18750 567.25000 1705.87500
567.25000 1705.87500 633.06250 1735.56250
679.75000 1717.75000 722.89921 1730.32766
722.89921 1730.32766 859.00000 1770.00000
3393.93750 1317.56250 3451.68750 1340.12500
3451.68750 1340.12500 3692.00000 1277.00000
632.00000 2866.00000 696.87500 2842.93750
696.87500 2842.93750 742.75000 2823.87500
742.75000 2823.87500 1201.50000 2633.25000
1288.56250 2631.81250 1339.12500 2576.06250
1339.12500 2576.06250 1385.00000 2557.00000
3404.00000 2549.62500 3482.00000 2570.00000
214.00000 2092.00000 583.31250 1923.62500
632.50000 1932.00000 667.50000 1883.62500
714.00000 1903.50000 760.25000 1840.50000
909.12500 1854.75000 952.00000 1799.00000
1837.00000 1586.00000 1894.00000 1625.00000
1894.00000 1625.00000 2139.12500 1715.68750
2186.50000 1700.25000 2275.00000 1779.75000
2325.00000 1771.62500 2479.25000 1848.50000
2479.25000 1848.50000 2571.00000 1886.00000
965.00000 2499.00000 1067.71215 2472.21717
1067.71215 2472.21717 1156.75000 2449.00000
1156.75000 2449.00000 1444.37500 2374.00000
1444.37500 2374.00000 1732.00000 2299.00000
1802.18750 2207.25000 1908.56250 2249.87500
2000.93750 2287.12500 2066.00000 2262.00000
2066.00000 2262.00000 2213.37500 2281.12500
2213.37500 2281.12500 2439.62759 2310.48602
2439.62759 2310.48602 2459.00000 2313.00000
2196.68750 2133.25000 2416.00000 2107.00000
242.00000 1021.00000 729.50000 1106.62500
729.50000 1106.62500 918.75348 1139.86567
918.75348 1139.86567 1022.00000 1158.00000
2281.25000 1669.37500 2330.00000 1711.50000
2330.00000 1711.50000 2378.87500 1719.31250
2378.87500 1719.31250 2425.00000 1755.37500
2957.37500 2446.18750 3032.00000 2468.50000
3032.00000 2468.50000 3419.00000 2387.00000
3104.00000 1195.00000 3318.25000 1299.00000
3318.25000 1299.00000 3393.93750 1317.56250
3451.68750 1340.12500 3618.37500 1429.37500
3618.37500 1429.37500 3822.00000 1526.00000
2325.00000 2857.00000 2467.31250 2815.56250
2467.31250 2815.56250 2514.75000 2801.75000
2514.75000 2801.75000 2919.00000 2692.75000
 47.00000 1333.00000  94.12500 1318.18750
 94.12500 1318.18750 141.25000 1303.37500
141.25000 1303.37500 169.43799 1294.51485
169.43799 1294.51485 282.62500 1258.93750
282.62500 1258.93750 599.00000 1151.00000
648.37500 1160.62500 729.50000 1106.62500
760.50000 1923.37500 827.12500 1889.56250
827.12500 1889.56250 859.50000 1850.00000
2348.00000 1300.00000 2369.25000 1346.62500
2369.25000 1346.62500 2427.37500 1400.25000
2427.37500 1400.25000 2418.12500 1445.75000
2465.31250 1462.87500 2454.25000 1533.12500
2454.25000 1533.12500 2470.75000 1607.62500
2470.75000 1607.62500 2518.00000 1673.00000
2449.00000 1935.00000 2479.25000 1848.50000
2479.25000 1848.50000 2492.50000 1788.00000
2492.50000 1788.00000 2525.00000 1739.12500
2525.00000 1739.12500 2518.00000 1673.00000
2518.00000 1673.00000 2565.50000 1576.75000
1126.00000 2984.00000 1152.37500 2868.75000
1199.00000 2851.00000 1182.00000 2787.50000
1182.00000 2787.50000 1210.00000 2689.25000
1210.00000 2689.25000 1201.50000 2633.25000
567.25000 1705.87500 586.37500 1753.37500
586.37500 1753.37500 620.00000 1817.00000
620.00000 1817.00000 621.00000 1863.75000
621.00000 1863.75000 632.50000 1932.00000
681.68750 1940.37500 692.00000 2008.00000
660.00000 2567.00000 696.87500 2842.93750
696.87500 2842.93750 726.00000 2902.00000
726.00000 2902.00000 725.00000 2970.00000
296.00000 2846.00000 303.00000 2740.00000
303.00000 2740.00000 346.75000 2493.37500
2763.00000 1928.00000 2796.56250 1798.93750
2796.56250 1798.93750 2784.00000 1598.37500
2784.00000 1598.37500 2815.87500 1495.25000
1417.12500 2146.00000 1380.81250 2077.37500
1456.50000 2089.00000 1420.50000 1972.50000
1420.50000 1972.50000 1455.00000 1907.00000
1455.00000 1907.00000 1455.81250 1740.87500
2178.00000 1070.00000 2229.37500 1377.25000
1016.62500 2181.25000 1107.62500 1873.75000
1107.62500 1873.75000 1163.68750 1818.12500
1117.00000 2373.00000 1156.75000 2449.00000
1156.75000 2449.00000 1187.25000 2551.50000
1187.25000 2551.50000 1201.50000 2633.25000
1210.00000 2689.25000 1260.00000 2753.00000
481.50000 1804.12500 518.62500 1695.18750
518.62500 1695.18750 553.50000 1465.87500
506.25000 1449.56250 540.00000 1376.00000
1495.00000 1640.00000 1504.50000 1728.00000
1504.50000 1728.00000 1518.62500 2014.75000
 56.00000 1275.00000  94.12500 1318.18750
 94.12500 1318.18750 178.25000 1620.37500
3777.00000 2837.00000 3849.00000 2438.00000
3380.25000 2673.75000 3404.00000 2549.62500
3482.00000 2570.00000 3445.62500 2458.50000
3445.62500 2458.50000 3580.31250 2090.43750
742.75000 2823.87500 737.37500 2764.75000
737.37500 2764.75000 880.00000 2441.00000
2414.81250 2987.06250 2467.31250 2815.56250
2514.75000 2801.75000 2510.62500 2717.62500
2510.62500 2717.62500 2572.37500 2561.68750
3580.31250 2090.43750 3589.56250 1908.50000
489.00000 2072.00000 632.00000 2676.00000
2619.00000 2614.00000 2620.50000 2547.25000
2620.50000 2547.25000 2639.62500 2464.00000
2639.62500 2464.00000 2619.25000 2394.00000
2668.37500 2384.00000 2674.00000 2214.00000
1191.50000 1266.50000 1240.00000 1504.00000
1240.00000 1504.00000 1307.00000 1686.00000
115.00000 2668.00000 107.50000 2623.37500
107.50000 2623.37500 132.50000 2526.12500
132.50000 2526.12500 157.50000 2428.87500
157.50000 2428.87500 195.00000 2283.00000
2177.12500 2484.00000 2185.68750 2361.62500
2185.68750 2361.62500 2213.37500 2281.12500
2213.37500 2281.12500 2222.00000 2201.00000
214.00000 2092.00000 346.75000 2493.37500
444.00000 2142.00000 529.00000 2534.00000
3783.00000 2254.00000 3827.25000 1957.00000
3827.25000 1957.00000 3809.87500 1899.87500
862.00000 2108.00000 900.00000 1983.00000
900.00000 1983.00000 958.75000 1859.50000
958.75000 1859.50000 952.00000 1799.00000
952.00000 1799.00000 993.00000 1730.00000
1360.00000 1399.00000 1407.12500 1753.75000
883.00000 2382.00000 882.25000 2300.00000
930.87500 2286.00000 918.87500 2201.75000
918.87500 2201.75000 976.81250 1990.62500
2459.00000 2313.00000 2460.75000 2259.00000
2460.75000 2259.00000 2544.50000 2024.00000
2544.50000 2024.00000 2592.00000 1973.00000
2592.00000 1973.00000 2578.00000 1930.00000
2091.75000 1731.12500 2125.00000 1804.12500
2125.00000 1804.12500 2121.75000 1985.50000
2171.56250 1980.87500 2162.37500 2059.25000
2162.37500 2059.25000 2196.68750 2133.25000
3840.00000 1265.00000 3860.56250 1361.56250
3860.56250 1361.56250 3902.00000 1659.00000
3713.12500 1649.37500 3698.62500 1720.62500
3698.62500 1720.62500 3759.81250 1905.81250
3759.81250 1905.81250 3827.25000 1957.00000
 93.00000 2272.00000 157.50000 2428.87500
132.50000 2526.12500 182.25000 2557.00000
182.25000 2557.00000 212.00000 2652.00000
2423.00000 2207.00000 2460.75000 2259.00000
2459.00000 2313.00000 2521.00000 2414.00000
2521.00000 2414.00000 2509.00000 2492.00000
2509.00000 2492.00000 2572.37500 2561.68750
1981.12500 2870.62500 2034.00000 2798.00000
2034.00000 2798.00000 2056.06250 2598.87500
2101.62500 2577.75000 2127.56807 2495.37152
2127.56807 2495.37152 2128.00000 2494.00000
1378.93750 2673.68750 1385.00000 2557.00000
1385.00000 2557.00000 1426.00000 2469.00000
1426.00000 2469.00000 1444.37500 2374.00000
1444.37500 2374.00000 1457.00000 2272.00000
2047.12500 2305.75000 2066.00000 2262.00000
2066.00000 2262.00000 2048.75000 2161.00000
2098.06250 2151.75000 2093.00000 2071.12500
2093.00000 2071.12500 2121.75000 1985.50000
2175.00000 1796.00000 2139.12500 1715.68750
2186.50000 1700.25000 2195.00000 1473.00000
2195.00000 1473.00000 2254.00000 1469.00000
2254.00000 1469.00000 2229.37500 1377.25000
178.25000 1620.37500 270.00000 1368.00000
270.00000 1368.00000 282.62500 1258.93750
282.62500 1258.93750 330.00000 1145.00000
2524.50000 1424.00000 2512.50000 1480.00000
2512.50000 1480.00000 2534.12500 1543.00000
2534.12500 1543.00000 2565.50000 1576.75000
2518.00000 1673.00000 2575.00000 1731.00000
2575.00000 1731.00000 2571.00000 1788.00000
667.50000 1883.62500 710.62500 1835.75000
710.62500 1835.75000 722.89921 1730.32766
722.89921 1730.32766 726.43750 1699.93750
773.12500 1682.12500 789.75000 1547.43750
2861.12500 2475.06250 2875.50000 2389.25000
2875.50000 2389.25000 2864.87500 2344.00000
2864.87500 2344.00000 2902.50000 2193.75000
2902.50000 2193.75000 2936.00000 2166.00000
2936.00000 2166.00000 2916.00000 2096.00000
 31.00000 1029.00000 141.25000 1303.37500
2437.00000 2294.00000 2439.62759 2310.48602
2439.62759 2310.48602 2458.16462 2426.79092
2458.16462 2426.79092 2465.78006 2474.57166
2465.78006 2474.57166 2483.89549 2588.23135
2483.89549 2588.23135 2499.00000 2683.00000
342.00000 1947.00000 393.01430 1766.30450
393.01430 1766.30450 419.25817 1673.34723
419.25817 1673.34723 449.00000 1568.00000
3342.00000 1805.00000 3352.80914 1929.62298
3352.80914 1929.62298 3366.56035 2088.16644
3366.56035 2088.16644 3376.00000 2197.00000
2282.00000 1497.00000 2301.72149 1403.50555
2301.72149 1403.50555 2363.00000 1113.00000
899.00000 1065.00000 918.75348 1139.86567
918.75348 1139.86567 939.18873 1217.31527
939.18873 1217.31527 971.69221 1340.50348
971.69221 1340.50348 999.00000 1444.00000
2863.00000 2699.00000 2910.89831 2460.13051
2910.89831 2460.13051 2940.00000 2315.00000
2814.00000 2332.00000 2885.95795 2012.37284
2885.95795 2012.37284 2895.39996 1970.43272
2895.39996 1970.43272 2900.00000 1950.00000
2080.00000 2294.00000 2086.52904 2321.63958
2086.52904 2321.63958 2127.56807 2495.37152
2127.56807 2495.37152 2142.54578 2558.77713
2142.54578 2558.77713 2170.00000 2675.00000
1013.00000 2238.00000 1018.33065 2260.81997
1018.33065 2260.81997 1067.71215 2472.21717
1067.71215 2472.21717 1093.77730 2583.79947
1093.77730 2583.79947 1102.00000 2619.00000
3468.00000 2484.00000 3490.44824 2548.21242
3490.44824 2548.21242 3517.31619 2625.06725
3517.31619 2625.06725 3597.00000 2853.00000
124.00000 1392.00000 169.43799 1294.51485
169.43799 1294.51485 289.00000 1038.00000
3107.00000 1754.00000 3131.97627 1885.03989
3131.97627 1885.03989 3144.02427 1948.25062
3144.02427 1948.25062 3164.34525 2054.86620
3164.34525 2054.86620 3180.00000 2137.00000
1302.00000 1182.00000 1316.39820 1227.26893
1316.39820 1227.26893 1337.95653 1295.04975
1337.95653 1295.04975 1420.00000 1553.00000
